1030.828665
893.5511807
1084.089697
1278.435758
936.7079946
915.3215827
885.7134073
2364.399196
774.8796935
977.5062721
831.6162838
813.6563666
1569.955666
967.9246077
806.1458974
1063.117028
1123.787111
906.6858573
996.4977732
1088.463799
977.4141865
1128.328444
896.5938665
1007.172434
1046.379226
1514.648152
1626.114941
2959.55784
838.5057847
949.3774518
1433.306948
805.0480183
1218.907241
872.4295193
1730.102969
865.7344434
1845.712833
919.2908014
1003.363336
1102.968867
847.380371
1965.260055
809.6725128
953.1932808
1066.089303
991.3521285
1115.693969
1003.333158
1090.479829
930.7486947
1006.183503
1239.067575
873.7071672
728.5831519
881.3156977
1302.468273
997.442292
3481.118457
841.0416944
997.6010934
1830.194082
909.6934163
2358.405601
2573.673277
777.0803629
773.7808169
945.424418
968.6455845
1074.589183
1046.220482
1155.559086
990.6270691
931.9432734
786.2850581
2297.025035
628.1663721
889.2381805
937.6313422
1113.924784
870.3838751
1018.375172
799.4576188
1542.327519
1879.5874
750.3067859
1087.948318
1247.802779
1052.352127
883.898962
793.1261741
913.7361126
1082.141911
968.8233079
2099.175652
841.2244108
964.2273736